
2025-04-28 17:26:53
-26.488746643066406
-33.360687255859375
-65.37456512451172
-75.24767303466797
19.038129806518555
-2.198718786239624
-168.2763214111328
-19.91714859008789
-212.6569366455078
90.58307647705078
-157.2373809814453
25.472152709960938
-25.95034408569336
64.90850067138672
-213.65879821777344
-144.6261444091797
-37.203643798828125
-16.691112518310547
-28.82611846923828
40.60737228393555
0.31524232029914856
43.24095153808594
32.67816925048828
-54.59859848022461
-60.985260009765625
135.02439880371094
25.55223274230957
-257.6692199707031
1.150099754333496
-188.22836303710938
-147.4630584716797
83.2153549194336
-32.57855224609375
-152.49070739746094
28.508142471313477
-47.55213165283203
-102.27166748046875
-51.10965347290039
-31.128299713134766
-15.21334457397461
71.31620025634766
-273.7071838378906
-71.4352035522461
-66.25228118896484
-53.3968505859375
-234.29823303222656
-64.93727111816406
-35.67647933959961
-32.57246017456055
-290.2239685058594
-39.898277282714844
11.258103370666504
-100.64388275146484
-86.68985748291016
40.66606521606445
98.53327178955078
-190.1552276611328
-87.46939849853516
23.060516357421875
-228.35842895507812
13.280792236328125
-23.236148834228516
77.83153533935547
-151.59461975097656
14.928081512451172
-85.83438873291016
17.359378814697266
-215.3466796875
4.248097896575928
23.334537506103516
-93.40766143798828
-146.81919860839844
14.814915657043457
-111.20525360107422
-26.668052673339844
-8.974109649658203
-311.69720458984375
-43.57450866699219
4.994020938873291
-39.07039260864258
26.173112869262695
-65.98983001708984
-14.444329261779785
74.34601593017578
111.10210418701172
-45.42496109008789
-56.395729064941406
38.665103912353516
-32.18375015258789
-81.60234069824219
60.90359115600586
-52.00959777832031
17.932832717895508
85.90554809570312
-136.36000061035156
-17.836706161499023
50.205326080322266
19.53681182861328
-15.253843307495117
-225.0713348388672
-70.39241790771484
-178.6803436279297
60.62220001220703
-137.9342803955078
-190.44041442871094
-82.52704620361328
37.98451232910156
6.14742374420166
41.346866607666016
-212.92242431640625
-65.650634765625
-45.81110382080078
-76.9701156616211
-22.069049835205078
-93.88434600830078
8.993348121643066
-0.21709486842155457
21.481698989868164
-14.731361389160156
57.47291564941406
-19.819076538085938
5.405819416046143
14.634026527404785
-182.2158660888672
-284.8216552734375
-25.563636779785156
-7.412642002105713
20.575496673583984
-166.9193572998047
-355.4276428222656
-136.1819305419922
-8.2085599899292
15.399710655212402
-204.4099884033203
-37.07424545288086
-64.8558349609375
-4.3122148513793945
-131.1745147705078
-44.24591064453125
-225.71568298339844
-98.87764739990234
-87.66747283935547
-123.33881378173828
-185.61993408203125
1.5626602172851562
-145.93724060058594
-230.83187866210938
-199.54222106933594
99.44085693359375
-5.4142746925354
-20.62541389465332
-62.6390495300293
44.40813064575195
-165.03811645507812
36.87619400024414
-90.04595947265625
3.8848280906677246
-64.95613098144531
-167.39320373535156
-191.93853759765625
26.325103759765625
-20.133804321289062
-44.47794723510742
34.80643081665039
-90.78719329833984
-97.29024505615234
-11.82459831237793
3.9756150245666504
-74.38107299804688
32.582374572753906
-13.324422836303711
55.43991470336914
-103.67047882080078
-39.58875274658203
-0.7137221693992615
-46.613685607910156
-49.5185661315918
-110.70941925048828
-26.099592208862305
-16.137638092041016
49.86357879638672
26.20908546447754
-2.909681797027588
-106.45879364013672
-84.56761169433594
-56.73280334472656
-161.88026428222656
-182.7234344482422
96.73173522949219
-307.6954650878906
-70.35078430175781
19.53681182861328
-30.078510284423828
-46.62841033935547
116.54316711425781
30.12830352783203
-34.50365447998047
-9.1937255859375
-66.00043487548828
65.23675537109375
-72.07794952392578
-5.936828136444092
-48.83876037597656
41.96475601196289
-11.859552383422852
-232.7941131591797
163.99996948242188
-20.555828094482422
-37.71564483642578
-127.74559783935547
5.160730838775635
60.930206298828125
43.96013641357422
-14.567761421203613
-85.2461166381836
-79.94791412353516
-18.59246063232422
-225.41912841796875
95.89849090576172
-67.46479797363281
-109.76835632324219
-59.11479187011719
-169.1739501953125
-45.99748992919922
174.349609375
-69.58544158935547
-14.44753646850586
38.982601165771484
-81.77135467529297
87.16146087646484
-186.1306915283203
-269.40155029296875
6.454222202301025
-18.129108428955078
39.6981201171875
-137.35011291503906
-234.85379028320312
-192.86126708984375
7.687973499298096
55.79088592529297
93.31237030029297
17.841899871826172
108.42198181152344
-96.8542709350586
-38.156005859375
-79.54388427734375
48.13983154296875
8.98948860168457
6.824007511138916
3.2344231605529785
-71.08780670166016
125.62471771240234
-171.5392608642578
-301.4306945800781
-63.82797622680664
18.320009231567383
30.385883331298828
32.842933654785156
-118.49579620361328
-40.78220748901367
28.45037269592285
-6.513850212097168
13.110957145690918
-86.8598403930664
-1.4343924522399902
0.02013162523508072
-88.74840545654297
13.41419792175293
-128.1686248779297
52.34195327758789
-26.328144073486328
-57.73468017578125
-35.811241149902344
-71.55925750732422
87.51280975341797
-17.641183853149414
-40.41967010498047
134.3457794189453
7.665677547454834
5.349206447601318
-196.4806365966797
-19.53310203552246
-146.99864196777344
-58.609527587890625
-300.13232421875
-79.62784576416016
-49.286109924316406
-151.2351837158203
-136.2318878173828
-256.46746826171875
-138.97618103027344
-42.02672576904297
-183.25814819335938
-110.46399688720703
-42.84185028076172
-7.399682521820068
60.69417953491211
114.53995513916016
-68.16272735595703
-200.2224884033203
-177.0877227783203
42.585365295410156
31.813861846923828
-82.16064453125
-9.110713005065918
-68.30123901367188
-148.8216552734375
-119.2662353515625
-13.11258316040039
-236.6063995361328
17.2452392578125
-13.924654006958008
-206.6641387939453
41.694725036621094
-77.1688461303711
-333.7032470703125
26.662860870361328
5.681241512298584
-27.54660987854004
-47.66510009765625
9.99412727355957
-35.74641418457031
37.455772399902344
-32.30140686035156
-0.832340657711029
47.41015625
-94.8907241821289
-131.29307556152344
75.78119659423828
8.353158950805664
-202.93544006347656
-62.45619201660156
-45.801429748535156
-174.57296752929688
71.5429458618164
-46.73398208618164
-15.904669761657715
-103.63280487060547
-17.4208984375
-40.09898376464844
42.922889709472656
28.63054656982422
-25.634984970092773
-9.803339004516602
-62.96759796142578
-104.61624908447266
-13.535401344299316
-81.03704071044922
61.47674560546875
-51.92839813232422
9.520837783813477
80.77716064453125
-272.4359436035156
-32.094295501708984
-197.44143676757812
-9.05422306060791
-63.4583740234375
-45.31572341918945
-52.62912368774414
35.36365509033203
18.009822845458984
45.883670806884766
-260.07000732421875
-72.6111831665039
33.17129898071289
-151.48512268066406
-38.59359359741211
-36.08491134643555
28.747825622558594
-120.0950698852539
-26.265792846679688
52.02785873413086
37.560184478759766
-6.513850212097168
-39.38556671142578
-15.201820373535156
-10.348193168640137
-22.533748626708984
-322.9688720703125
46.519832611083984
3.770700454711914
43.85389709472656
-187.41348266601562
30.132234573364258
-179.54148864746094
-59.96515655517578
8.929064750671387
-252.89749145507812
-266.9678955078125
-66.87248992919922
-75.27330017089844
-239.64602661132812
-71.86689758300781
-265.664306640625
20.973182678222656
-160.89662170410156
-9.494636535644531
-24.199203491210938
-42.26588439941406
-15.761331558227539
-77.99050903320312
127.17501068115234
-200.8793182373047
36.15029525756836
-34.24368667602539
56.224246978759766
22.385623931884766
-157.44805908203125
-134.24636840820312
-11.009058952331543
-128.01150512695312
-35.54169464111328
14.162609100341797
18.66077995300293
-16.79050064086914
-24.579509735107422
-36.49382781982422
10.087993621826172
14.415700912475586
19.655101776123047
-65.04993438720703
76.1669692993164
34.885459899902344
-9.881143569946289
-108.74164581298828
-81.83659362792969
47.38832092285156
-28.53495979309082
-50.05933380126953
-234.37705993652344
-210.06190490722656
18.858705520629883
-103.8396987915039
-5.135668754577637
-130.6925811767578
-180.86328125
54.95487594604492
-51.64763641357422
-42.15900421142578
-204.85955810546875
-17.223541259765625
-109.29203033447266
-203.37086486816406
58.51641082763672
-59.5919189453125
-202.14691162109375
-78.75357055664062
-136.81631469726562
49.91682815551758
-282.5322265625
-109.9792709350586
-79.79891967773438
63.37795639038086
-183.56004333496094
-151.00149536132812
-157.90298461914062
40.60175323486328
-75.05840301513672
46.25131607055664
-44.234291076660156
-1.2280430793762207
-32.398651123046875
58.629093170166016
-117.7894515991211
8.83682632446289
-17.652435302734375
-41.25300598144531
-191.23582458496094
-44.71799087524414
-59.22282028198242
47.525733947753906
-183.42527770996094
成功生成 472 个有效分子，有效率 94.4%--enthalpy setting=None

