
2025-04-28 15:47:05
-389.05133056640625
-317.4954833984375
-394.7381896972656
-389.7295837402344
-389.05133056640625
-357.03546142578125
-331.2637939453125
-394.7381896972656
成功生成 8 个有效分子，有效率 4.0%--enthalpy setting=-450.0


2025-04-28 15:47:12
-387.60162353515625
-372.9963073730469
-372.9963073730469
-373.4554138183594
-394.94061279296875
-389.6833801269531
-358.0987854003906
-394.7381896972656
-394.7381896972656
-383.45391845703125
-359.1424560546875
-394.7381896972656
-311.4808654785156
-373.9377746582031
-387.60162353515625
-312.43505859375
-371.89947509765625
-372.9963073730469
-394.7381896972656
-372.9963073730469
-356.3875427246094
-373.4554138183594
-369.638916015625
-420.4844055175781
-371.41497802734375
-349.7650451660156
-371.27203369140625
-394.7381896972656
-372.9963073730469
-350.82708740234375
-375.40350341796875
-371.89947509765625
-401.988037109375
-373.4554138183594
-387.60162353515625
-368.37225341796875
-394.7381896972656
-371.89947509765625
-387.60162353515625
-383.45391845703125
-355.08233642578125
-395.32623291015625
-394.7381896972656
-394.7381896972656
-394.7381896972656
-368.7284240722656
-394.7381896972656
-372.9963073730469
-373.4554138183594
-355.08233642578125
-383.45391845703125
-372.9963073730469
-394.7381896972656
-394.7381896972656
-358.6877136230469
-383.924072265625
-358.6877136230469
-372.9963073730469
-394.7381896972656
-372.9963073730469
-394.7381896972656
-368.7284240722656
-360.7288513183594
-355.08233642578125
-406.43951416015625
-372.9963073730469
-337.6369934082031
-394.7381896972656
-377.3531494140625
-373.9377746582031
-370.8653564453125
-376.9003601074219
-297.291015625
-348.9854736328125
-387.60162353515625
-327.3782958984375
-396.4617919921875
-386.8135986328125
-394.7381896972656
-372.9963073730469
-396.24810791015625
-367.7801513671875
-350.97454833984375
-376.3101806640625
-351.200439453125
-394.7381896972656
-372.9963073730469
-344.77459716796875
-394.7381896972656
-372.996337890625
-355.22265625
-373.4554138183594
-372.9963073730469
-373.4554138183594
-356.2999267578125
-394.7381896972656
-394.7381896972656
-387.60162353515625
-367.3072509765625
-372.9963073730469
-394.7381896972656
-387.19366455078125
-394.7381896972656
-399.0745849609375
-384.6131591796875
-387.60162353515625
-387.60162353515625
-368.7284240722656
-358.6877136230469
-384.6131591796875
-359.1424560546875
-355.08233642578125
-394.7381896972656
-324.99920654296875
-394.7381896972656
-394.7381896972656
-384.6131591796875
-394.7381896972656
-371.89947509765625
-340.29522705078125
-370.8653259277344
-375.40350341796875
-324.99920654296875
-377.3147888183594
-368.7284240722656
-387.60162353515625
-390.7806396484375
-351.10845947265625
-372.9963073730469
-394.7381896972656
-372.9963073730469
-368.7284240722656
-394.7381896972656
-368.7284240722656
-350.82708740234375
-377.3128662109375
-372.5677185058594
-366.0780029296875
-394.7381896972656
-311.4808654785156
-358.6877136230469
-394.7381896972656
-383.45391845703125
-361.5174560546875
-372.9963073730469
-394.7381896972656
-368.37225341796875
-383.45391845703125
-371.27203369140625
-338.434814453125
-373.4554138183594
-394.7381896972656
-359.2996826171875
-394.7381896972656
成功生成 154 个有效分子，有效率 77.0%--enthalpy setting=-400.0


2025-04-28 15:47:46
-330.52740478515625
-323.7929382324219
-346.87890625
-345.49078369140625
-352.23345947265625
-354.8804931640625
-334.51739501953125
-309.50506591796875
-326.824462890625
-343.54339599609375
-347.3172607421875
-373.4554138183594
-316.4312744140625
-319.14178466796875
-370.8653259277344
-350.32574462890625
-365.7366027832031
-338.13525390625
-370.8653564453125
-309.50506591796875
-367.7801513671875
-322.228271484375
-327.0698547363281
-350.0748596191406
-350.32574462890625
-347.4998474121094
-370.8653259277344
-352.23345947265625
-346.08782958984375
-349.3741149902344
-349.3741149902344
-342.2649841308594
-373.4554138183594
-346.2440490722656
-334.4185791015625
-327.89019775390625
-352.826171875
-370.8653259277344
-354.8804931640625
-323.2874755859375
-373.4554138183594
-352.23345947265625
-355.08233642578125
-369.110595703125
-352.23345947265625
-333.87640380859375
-306.458984375
-367.7801513671875
-369.110595703125
-348.1888732910156
-342.76531982421875
-340.71600341796875
-384.6131591796875
-319.660400390625
-351.39654541015625
-348.1888732910156
-338.13525390625
-349.82952880859375
-342.819580078125
-334.4185791015625
-347.51324462890625
-338.81024169921875
-365.8435974121094
-371.27203369140625
-360.921630859375
-349.34124755859375
-369.110595703125
-341.68670654296875
-342.9123840332031
-311.401611328125
-338.3984375
-346.2440490722656
-338.90142822265625
-322.79644775390625
-342.36517333984375
-375.40350341796875
-370.8653259277344
-326.664306640625
-327.7960205078125
-340.71600341796875
-354.8804931640625
-367.7801513671875
-339.490478515625
-352.23345947265625
-312.9960021972656
-370.8653259277344
-339.490478515625
-348.75115966796875
-293.640869140625
-331.2331237792969
-326.9833068847656
-350.8988037109375
-347.37213134765625
-319.660400390625
-336.7103271484375
-332.5277404785156
-387.60162353515625
-342.2649841308594
-346.87890625
-347.4998474121094
-331.05499267578125
-343.398681640625
-352.40771484375
-327.7960205078125
-347.3172607421875
-342.2649841308594
-345.54632568359375
-347.96771240234375
-343.48309326171875
-352.40771484375
-346.2440490722656
-339.490478515625
-340.1715393066406
-332.5277404785156
-314.14459228515625
-328.96148681640625
-316.65545654296875
-352.23345947265625
-347.1428527832031
-329.73681640625
-347.4998474121094
-341.6231689453125
-353.5187683105469
-322.259765625
-358.46905517578125
-369.110595703125
-345.54632568359375
-346.6788024902344
-340.1612548828125
-300.9906311035156
-371.27203369140625
-352.1811828613281
-304.15643310546875
-333.26263427734375
-349.95416259765625
-364.88848876953125
-321.14453125
-319.14178466796875
-348.0596618652344
-345.54632568359375
-387.60162353515625
-369.110595703125
-353.8560485839844
-338.81024169921875
-347.3172607421875
-303.1868591308594
-350.07489013671875
-365.7923583984375
-352.23345947265625
-352.1811828613281
-324.66839599609375
-349.119140625
-368.2502746582031
-343.398681640625
-357.6280822753906
-324.3972473144531
-358.83782958984375
-349.95416259765625
-364.88848876953125
-349.95416259765625
-351.39654541015625
-331.0091247558594
-383.45391845703125
-333.6981201171875
-341.68670654296875
-302.37615966796875
-369.110595703125
-367.7801513671875
-348.96380615234375
-323.41363525390625
-375.40350341796875
-338.81024169921875
-325.0947265625
-367.7801513671875
-370.8653259277344
-337.9355773925781
-319.14178466796875
-375.40350341796875
-329.17974853515625
-341.533935546875
-325.5954284667969
-330.52740478515625
-371.27203369140625
-322.392578125
-357.6280822753906
-352.23345947265625
-371.27203369140625
-350.32574462890625
-352.87078857421875
-323.5322265625
成功生成 190 个有效分子，有效率 95.0%--enthalpy setting=-350.0


2025-04-28 15:47:55
-319.27069091796875
-302.0645751953125
-317.9596252441406
-300.13299560546875
-304.4527893066406
-290.95672607421875
-310.91253662109375
-304.949462890625
-315.39642333984375
-177.85662841796875
-279.0173645019531
-300.72833251953125
-290.7774353027344
-289.81689453125
-306.0479736328125
-286.2534484863281
-281.70294189453125
-299.1177978515625
-295.21759033203125
-302.1902770996094
-317.7880859375
-258.47894287109375
-316.90924072265625
-290.08074951171875
-273.129150390625
-328.39764404296875
-262.83526611328125
-295.6739196777344
-302.6014404296875
-320.7955017089844
-309.7670593261719
-334.3898620605469
-271.0718994140625
-313.064453125
-303.5246276855469
-273.8742980957031
-325.5948181152344
-338.90142822265625
-301.1871337890625
-284.49169921875
-218.66712951660156
-301.5628967285156
-273.49908447265625
-314.6525573730469
-340.3267822265625
-262.6941833496094
-283.3525390625
-241.96420288085938
-312.53314208984375
-265.6507568359375
-277.47662353515625
-272.2015686035156
-273.71026611328125
-301.1911315917969
-322.2601318359375
-283.7021179199219
-301.5628967285156
-317.46380615234375
-287.55126953125
-317.6225280761719
-289.21954345703125
-305.70166015625
-265.29852294921875
-323.1483459472656
-307.86492919921875
-314.6525573730469
-316.6171875
-304.9815673828125
-315.24273681640625
-299.73480224609375
-281.48724365234375
-251.05259704589844
-305.29046630859375
-305.2021789550781
-296.91400146484375
-307.6197509765625
-284.49169921875
-274.5118713378906
-297.10357666015625
-295.7374267578125
-295.7320861816406
-281.6881103515625
-292.5902404785156
-314.3009033203125
-317.7880859375
-313.1528625488281
-299.3862609863281
-333.76470947265625
-297.8916015625
-304.52752685546875
-296.62811279296875
-278.8890686035156
-272.928466796875
-229.20384216308594
-266.15142822265625
-298.0933837890625
-286.4873046875
-310.24639892578125
-292.128662109375
-294.05841064453125
-293.71417236328125
-312.6222839355469
-297.90924072265625
-327.905029296875
-287.31219482421875
-245.73231506347656
-312.6222839355469
-293.4725036621094
-343.56011962890625
-269.1797180175781
-274.87786865234375
-305.28594970703125
-262.1803894042969
-287.6141662597656
-290.08074951171875
-307.2728271484375
-276.1707763671875
-267.89215087890625
-273.345947265625
-271.1820068359375
-301.29736328125
-307.07830810546875
-273.71026611328125
-332.978271484375
-316.3247985839844
-276.6812744140625
-294.51806640625
-301.29736328125
-363.1051025390625
-308.6651611328125
-242.4244384765625
-283.3702392578125
-289.3565673828125
-276.36688232421875
-304.9268798828125
-278.47900390625
-300.1395568847656
-287.8124694824219
-290.2471923828125
-297.90924072265625
-256.6523742675781
-307.4287109375
-299.5528564453125
-300.9906311035156
-249.39073181152344
-258.47894287109375
-284.43511962890625
-273.21954345703125
-305.09637451171875
-289.4703369140625
-268.76568603515625
-321.23590087890625
-319.27069091796875
-305.28594970703125
-287.78594970703125
-291.5765075683594
-316.0556640625
-296.1921081542969
-306.4981994628906
-281.980224609375
-321.23590087890625
-286.2534484863281
-297.90924072265625
-326.966796875
-328.94512939453125
-303.15753173828125
-311.6651611328125
-312.6822509765625
-251.92237854003906
-280.68572998046875
-289.21954345703125
-294.1041564941406
-268.1051330566406
-264.89404296875
-268.8371276855469
-275.1728515625
-293.4818115234375
-313.0644226074219
-318.3770751953125
-293.71417236328125
-299.15771484375
-306.4981994628906
-315.6936950683594
-307.2728271484375
-287.55126953125
-321.23590087890625
-305.76904296875
-285.81842041015625
-319.978759765625
-293.4818115234375
-327.6177673339844
-290.7774353027344
-279.5167236328125
-303.5126647949219
-251.19456481933594
-299.05877685546875
-316.90924072265625
-303.32073974609375
-317.33673095703125
成功生成 199 个有效分子，有效率 99.5%--enthalpy setting=-300.0


2025-04-28 15:48:04
-299.61138916015625
-298.71966552734375
-224.4276580810547
-256.6523742675781
-244.9682159423828
-256.0838317871094
-236.2940673828125
-262.92510986328125
-235.01853942871094
-227.30369567871094
-241.92369079589844
-244.58642578125
-224.85537719726562
-238.1751251220703
-269.38775634765625
-217.24478149414062
-228.69998168945312
-240.0056610107422
-273.21954345703125
-232.38844299316406
-242.79458618164062
-260.3994445800781
-265.9525146484375
-254.033935546875
-240.34933471679688
-261.40216064453125
-217.45309448242188
-242.29930114746094
-251.92539978027344
-241.3257598876953
-250.22720336914062
-251.1146240234375
-232.0799560546875
-314.1709289550781
-239.9761505126953
-226.06422424316406
-233.6531219482422
-277.4886169433594
-235.56431579589844
-238.5304412841797
-277.102294921875
-232.7963104248047
-231.36477661132812
-239.84165954589844
-228.1767120361328
-260.1156005859375
-275.7090148925781
-246.25685119628906
-242.6488800048828
-210.93826293945312
-250.1205596923828
-257.028076171875
-251.63327026367188
-248.25225830078125
-246.8938751220703
-230.1548309326172
-264.8944396972656
-277.67431640625
-221.47560119628906
-259.9769592285156
-280.6460876464844
-227.2887420654297
-258.47894287109375
-235.68862915039062
-256.69317626953125
-265.9559631347656
-290.396728515625
-246.89630126953125
-201.45155334472656
-258.47894287109375
-210.29563903808594
-261.8262939453125
-276.9599609375
-262.03656005859375
-257.14251708984375
-246.8938751220703
-314.3561096191406
-246.29444885253906
-234.5986785888672
-267.0275573730469
-263.6055908203125
-244.94674682617188
-217.11746215820312
-268.9939270019531
-268.0852355957031
-238.1751251220703
-230.95675659179688
-238.2020263671875
-246.7365264892578
-188.40269470214844
-290.3025207519531
-213.40823364257812
-243.9997100830078
-304.4209899902344
-242.02081298828125
-240.71031188964844
-233.9836883544922
-264.03729248046875
-249.9451446533203
-229.7196502685547
-274.4079284667969
-230.594482421875
-221.68080139160156
-209.2628631591797
-276.8106994628906
-232.07273864746094
-226.36294555664062
-280.58123779296875
-248.25225830078125
-249.79745483398438
-250.7609100341797
-266.00006103515625
-255.2625274658203
-234.97633361816406
-224.93862915039062
-242.87710571289062
-252.0342559814453
-224.77366638183594
-249.79745483398438
-241.10784912109375
-279.6828918457031
-255.4465789794922
-248.65298461914062
-230.17279052734375
-217.0463104248047
-233.4930877685547
-241.3257598876953
-300.2100524902344
-239.1292266845703
-242.86837768554688
-238.2020263671875
-260.6144714355469
-235.53787231445312
-241.26187133789062
-246.8938751220703
-252.16065979003906
-252.70713806152344
-224.85537719726562
-250.9873809814453
-255.9521942138672
-272.32183837890625
-240.0056610107422
-287.31219482421875
-266.8521728515625
-225.3503875732422
-224.85537719726562
-262.7632751464844
-224.46043395996094
-268.09326171875
-275.6863708496094
-253.83848571777344
-208.12062072753906
-267.70379638671875
-242.99974060058594
-242.53053283691406
-248.65298461914062
-243.58302307128906
-267.921630859375
-270.15118408203125
-265.49688720703125
-247.95179748535156
-258.034423828125
-276.8106994628906
-246.02894592285156
-234.97633361816406
-258.3018493652344
-264.5665283203125
-259.9769592285156
-245.85597229003906
-276.20001220703125
-246.4825897216797
-275.63409423828125
-261.10113525390625
-250.44297790527344
-249.79339599609375
-223.55978393554688
-248.44081115722656
-254.83200073242188
-242.81106567382812
-231.8040313720703
-234.03292846679688
-247.91615295410156
-250.15054321289062
-234.87388610839844
-242.81106567382812
-247.4600067138672
-247.28903198242188
-260.6724853515625
-216.72854614257812
-211.71682739257812
-217.78858947753906
-268.3452453613281
-245.2515106201172
-264.141845703125
-229.7196502685547
-250.1205596923828
-283.9710693359375
成功生成 197 个有效分子，有效率 98.5%--enthalpy setting=-250.0


2025-04-28 15:48:10
-256.058349609375
-207.29287719726562
-188.3179473876953
-186.07376098632812
-199.1096954345703
-191.9805450439453
-277.9921875
-220.24386596679688
-195.35801696777344
-211.7518310546875
-165.5962371826172
-208.9488067626953
-289.28973388671875
-219.76219177246094
-199.0017547607422
-195.9114532470703
-207.7422637939453
-239.4762725830078
-164.60169982910156
-204.58045959472656
-189.23423767089844
-240.01121520996094
-182.24559020996094
-162.37696838378906
-185.71200561523438
-167.05958557128906
-207.8440704345703
-203.96998596191406
-243.50819396972656
-166.80442810058594
-166.8844757080078
-190.88327026367188
-170.5592498779297
-204.33753967285156
-196.9532012939453
-177.7177276611328
-238.7143096923828
-175.4843292236328
-144.2686004638672
-193.804931640625
-171.8008575439453
-183.99256896972656
-177.4326934814453
-230.2318572998047
-207.7617950439453
-192.877197265625
-257.5453796386719
-209.0274200439453
-228.83876037597656
-185.19139099121094
-145.65414428710938
-201.11566162109375
-195.90528869628906
-186.04908752441406
-175.4893035888672
-200.4882354736328
-201.5592803955078
-200.2643280029297
-212.1441192626953
-220.52088928222656
-209.8970184326172
-168.78372192382812
-195.7578887939453
-234.65982055664062
-197.0719757080078
-198.16310119628906
-185.55517578125
-166.3287811279297
-201.95948791503906
-182.72691345214844
-200.61940002441406
-224.24609375
-171.86248779296875
-179.63951110839844
-170.0527801513672
-203.62478637695312
-187.0261688232422
-171.6113739013672
-218.9250030517578
-198.1740264892578
-178.2639923095703
-183.27664184570312
-218.7996063232422
-171.87245178222656
-198.79966735839844
-203.6463165283203
-199.50209045410156
-184.1060791015625
-202.99354553222656
-181.48802185058594
-200.61940002441406
-168.36361694335938
-177.3120880126953
-208.6381072998047
-225.3503875732422
-186.44252014160156
-205.5447235107422
-225.75387573242188
-198.52243041992188
-166.12240600585938
-175.0352325439453
-229.8542938232422
-129.7389373779297
-216.90106201171875
-188.87657165527344
-235.18556213378906
-212.58245849609375
-211.45455932617188
-168.78372192382812
-202.99354553222656
-201.29393005371094
-207.1967010498047
-188.2211151123047
-225.9913787841797
-78.12044525146484
-177.67491149902344
-207.1067657470703
-227.6046600341797
-198.79579162597656
-183.1548309326172
-212.1441192626953
-231.30897521972656
-161.81105041503906
-178.8954620361328
-184.4470977783203
-207.31402587890625
-223.0001220703125
-191.29603576660156
-215.0679931640625
-191.59629821777344
-227.05531311035156
-178.794677734375
-213.6988067626953
-228.68251037597656
-211.39614868164062
-195.81626892089844
-175.7362823486328
-198.3058319091797
-196.0447998046875
-186.02194213867188
-201.8502960205078
-189.01206970214844
-229.10296630859375
-189.9145050048828
-170.1336212158203
-202.9327850341797
-170.1336212158203
-186.7111053466797
-235.16831970214844
-222.09437561035156
-201.70384216308594
-182.24107360839844
-225.3047637939453
-215.87522888183594
-164.86463928222656
-184.88296508789062
-182.74147033691406
-202.9327850341797
-215.5738983154297
-210.9139862060547
-219.9497833251953
-177.0390625
-129.9832305908203
-181.2863311767578
-199.8086395263672
-219.87489318847656
-253.7943115234375
-208.31698608398438
-147.71104431152344
-213.85202026367188
-172.09902954101562
-166.78456115722656
-198.9667205810547
-175.36167907714844
-193.3155059814453
-202.99354553222656
-183.36241149902344
-207.67086791992188
-199.94439697265625
-206.5124969482422
-198.29872131347656
-255.7939910888672
-190.1263885498047
-230.43829345703125
-202.20751953125
-217.46202087402344
-201.30795288085938
-205.31689453125
-231.30897521972656
-224.84898376464844
-179.3036346435547
-213.28826904296875
-165.35618591308594
-180.4595184326172
-224.3340606689453
-211.24888610839844
-192.6718292236328
-204.58045959472656
成功生成 198 个有效分子，有效率 99.0%--enthalpy setting=-200.0


2025-04-28 15:48:16
-140.22718811035156
-146.9243927001953
-120.89476013183594
-161.5585479736328
-123.66214752197266
-114.6752700805664
-145.86378479003906
-78.81322479248047
-148.95042419433594
-131.33091735839844
-122.04000091552734
-146.97445678710938
-140.45645141601562
-165.98561096191406
-139.0270233154297
-146.8262176513672
-146.2089080810547
-153.37750244140625
-77.15267181396484
-101.92044830322266
-99.79872131347656
-155.10726928710938
-164.346923828125
-157.42893981933594
-180.94618225097656
-147.76356506347656
-144.66197204589844
-218.9062957763672
-141.7160186767578
-149.2869110107422
-136.10963439941406
-137.8988800048828
-131.33091735839844
-183.30712890625
-165.81198120117188
-151.3046112060547
-153.16795349121094
-148.0629119873047
-124.50141143798828
-137.82398986816406
-141.7084197998047
-147.73695373535156
-130.2783966064453
-146.74000549316406
-173.2753143310547
-145.2399444580078
-126.05292510986328
-157.0154266357422
-126.83949279785156
-154.4850311279297
-103.15640258789062
-163.80535888671875
-94.42372131347656
-117.83595275878906
-131.7385711669922
-110.79181671142578
-125.77894592285156
-150.3759002685547
-157.0420684814453
-119.42359924316406
-157.4346923828125
-149.7576141357422
-159.36936950683594
-150.7481231689453
-142.88307189941406
-153.71786499023438
-180.49386596679688
-176.6208953857422
-159.67247009277344
-149.8032989501953
-145.4466094970703
-158.26051330566406
-158.37240600585938
-177.11636352539062
-193.51358032226562
-162.8574981689453
-161.65090942382812
-115.96971893310547
-164.33460998535156
-152.2211456298828
-117.32377624511719
-144.5724334716797
-139.21571350097656
-157.2092742919922
-187.960205078125
-113.08167266845703
-109.3172836303711
-157.0679473876953
-156.4788055419922
-131.21145629882812
-189.08485412597656
-137.14906311035156
-170.1101531982422
-116.17608642578125
-119.60749053955078
-152.2211456298828
-125.5688705444336
-147.71104431152344
-139.28079223632812
-125.33419036865234
-153.0673065185547
-174.4734649658203
-170.6803741455078
-144.56710815429688
-126.209228515625
-140.03829956054688
-139.95213317871094
-124.27645111083984
-149.00537109375
-116.6656265258789
-138.50901794433594
-171.1676788330078
-98.58037567138672
-168.68812561035156
-171.93447875976562
-142.10678100585938
-133.93150329589844
-170.94276428222656
-145.9753875732422
-150.4032440185547
-165.5642547607422
-141.35594177246094
-122.36421203613281
-146.98890686035156
-139.42616271972656
-132.65623474121094
-112.10193634033203
-161.6462860107422
-112.92697143554688
-117.32377624511719
-142.71043395996094
-141.6208953857422
-145.8536834716797
-223.69754028320312
-159.26536560058594
-129.2303924560547
-127.39148712158203
-96.17113494873047
-112.3126449584961
-112.80425262451172
-129.0762176513672
-162.7890625
-133.1249542236328
-144.31211853027344
-106.65641021728516
-117.1212387084961
-84.68295288085938
-142.71707153320312
-110.17557525634766
-141.85411071777344
-161.7656707763672
-152.04917907714844
-141.4102325439453
-111.37841033935547
-181.05015563964844
-134.36669921875
-144.7437286376953
-186.1663055419922
-145.07244873046875
-148.6116485595703
-135.07723999023438
-133.38864135742188
-165.3528289794922
-141.201904296875
-147.35301208496094
-190.5324249267578
-149.7576141357422
-148.16358947753906
-150.6165008544922
-170.03085327148438
-131.05174255371094
-152.3457489013672
-138.19692993164062
-162.63079833984375
-185.82119750976562
-139.19911193847656
-161.3413543701172
-132.03721618652344
-160.63731384277344
-165.8683624267578
-205.04579162597656
-122.30180358886719
-142.84104919433594
-159.5624237060547
-152.5457763671875
-162.93618774414062
-116.4513168334961
-141.6050567626953
-138.59507751464844
-130.17652893066406
-146.263916015625
-145.0499267578125
-186.65924072265625
-144.93003845214844
-115.90819549560547
-151.60789489746094
-132.25735473632812
-150.6165008544922
成功生成 198 个有效分子，有效率 99.0%--enthalpy setting=-150.0


2025-04-28 15:48:22
-100.86927032470703
-101.26187896728516
-102.52000427246094
-92.43653869628906
-139.70082092285156
-65.14810943603516
-95.48736572265625
-81.62179565429688
-104.06037139892578
-122.57677459716797
-96.20484161376953
-95.74402618408203
-109.42860412597656
-107.7354507446289
-112.6012954711914
-83.99312591552734
-114.6674575805664
-145.41134643554688
-103.02812957763672
-87.42750549316406
-112.75382232666016
-91.31529998779297
-112.33629608154297
-155.2056121826172
-81.38227081298828
-81.64154815673828
-78.60143280029297
-133.38380432128906
-104.83859252929688
-98.8757553100586
-125.30438995361328
-137.4702911376953
-115.98664093017578
-112.03740692138672
-70.90734100341797
-116.40620422363281
-73.21546936035156
-86.37188720703125
-99.54732513427734
-75.47708892822266
-120.30773162841797
-132.635009765625
-108.24943542480469
-122.49070739746094
-124.06548309326172
-129.04454040527344
-101.40706634521484
-81.4496078491211
-71.2966537475586
-86.08509063720703
-77.7173843383789
-116.80244445800781
-104.8072738647461
-143.35203552246094
-40.905548095703125
-71.05806732177734
-77.33857727050781
-75.91130065917969
-74.89159393310547
-80.56063842773438
-94.2775650024414
-115.83164978027344
-119.9106674194336
-132.9918670654297
-96.3802261352539
-78.91010284423828
-110.68680572509766
-97.17476654052734
-119.2752685546875
-84.76270294189453
-140.00775146484375
-112.80425262451172
-90.93315887451172
-95.5493392944336
-123.28956604003906
-96.19527435302734
-96.57792663574219
-93.68347930908203
-95.90811157226562
-82.59307861328125
-87.31008911132812
-120.48599243164062
-89.3226089477539
-96.91507720947266
-103.94368743896484
-90.3042221069336
-78.9658203125
-77.7090835571289
-67.83687591552734
-119.26786041259766
-85.12838745117188
-74.6625747680664
-100.37963104248047
-126.10955047607422
-83.7563247680664
-61.855010986328125
-120.73863983154297
-112.95311737060547
-124.2890396118164
-143.6598358154297
-79.56603240966797
-105.50991821289062
-102.07791137695312
-92.93922424316406
-68.7262191772461
-84.53972625732422
-96.91507720947266
-69.02326965332031
-107.08565521240234
-132.5254669189453
-103.65800476074219
-127.16459655761719
-96.923583984375
-91.03177642822266
-80.89996337890625
-96.4671401977539
-76.01651000976562
-112.3834228515625
-93.95411682128906
-83.99312591552734
-81.26602935791016
-116.4975814819336
-72.19461822509766
-123.1734390258789
-93.44052124023438
-81.598388671875
-121.16356658935547
-91.45731353759766
-115.0434341430664
-109.24372863769531
-123.76238250732422
-84.37763214111328
-82.04547882080078
-109.91575622558594
-97.84658813476562
-94.28325653076172
-90.4698257446289
-124.94903564453125
-112.56133270263672
-67.91283416748047
-112.8553695678711
-85.99250030517578
-87.31008911132812
-65.49713897705078
-132.43423461914062
-117.34486389160156
-109.97821807861328
-114.79638671875
-100.62297058105469
-76.55457305908203
-100.75540924072266
-138.53518676757812
-77.10887145996094
-114.23070526123047
-114.97785186767578
-86.08509063720703
-75.182373046875
-93.24266815185547
-88.42729187011719
-72.28191375732422
-139.2825469970703
-100.55132293701172
-86.59283447265625
-101.07225799560547
-102.41387939453125
-109.5756607055664
-86.50218963623047
-109.01582336425781
-93.2170181274414
-118.6799087524414
-117.1212387084961
-107.75804138183594
-96.19527435302734
-64.74166107177734
-97.87517547607422
-91.59833526611328
-121.85365295410156
-93.46170806884766
-123.92428588867188
-87.22661590576172
-105.6839828491211
-119.2752685546875
-93.67565155029297
-71.66644287109375
-102.08252716064453
-119.27238464355469
-151.0941925048828
-60.63277816772461
-98.10218048095703
-103.15640258789062
-99.86653900146484
-80.98145294189453
-86.52777099609375
-100.0958480834961
-109.45502471923828
成功生成 195 个有效分子，有效率 97.5%--enthalpy setting=-100.0


2025-04-28 15:48:29
-84.4062728881836
-52.319557189941406
-83.96044921875
-31.83755874633789
-49.046844482421875
-45.17366409301758
-74.22644805908203
-57.526771545410156
-57.43485641479492
-72.75961303710938
-15.174959182739258
-56.046051025390625
-54.74666213989258
-57.9853630065918
-61.30393981933594
-56.93940734863281
-42.40070343017578
-25.663921356201172
-47.10835266113281
-79.62784576416016
-40.059791564941406
-27.23570442199707
-68.32868194580078
-38.760292053222656
-39.58243942260742
-53.536155700683594
-72.35173797607422
-27.60774803161621
-56.93940734863281
-63.647769927978516
-43.195640563964844
-51.52088928222656
-20.775970458984375
2.1002087593078613
-10.7005033493042
-30.37544822692871
-51.0064697265625
-49.45648956298828
-20.94189453125
-44.95275115966797
-32.937435150146484
-56.59577560424805
-66.91239166259766
-38.6767578125
-34.56031036376953
-53.121578216552734
-37.219303131103516
-73.33031463623047
-84.41259002685547
-24.650909423828125
-45.302955627441406
-50.61027526855469
-40.357872009277344
-48.67302703857422
-72.75961303710938
-44.53279113769531
-35.85730743408203
-32.06615447998047
-64.40766906738281
-24.580778121948242
-31.438858032226562
-31.957786560058594
-81.86321258544922
-54.98322677612305
-27.588455200195312
-61.549190521240234
-52.25828552246094
-63.824893951416016
-81.29956817626953
-55.067726135253906
-43.170745849609375
-64.02259063720703
-60.9897575378418
-75.91722106933594
-20.59305763244629
-49.33799743652344
-73.2991943359375
-77.01488494873047
-38.1996955871582
-50.56395721435547
-44.63308334350586
-78.1147232055664
-66.53506469726562
-58.831947326660156
-93.22383880615234
-24.598176956176758
-69.41399383544922
-66.93880462646484
-71.49300384521484
-72.60908508300781
-37.57886505126953
-54.879173278808594
-25.728153228759766
-31.187965393066406
-67.93667602539062
-84.39119720458984
-57.7108268737793
-100.72085571289062
-60.020530700683594
-79.21375274658203
-27.159154891967773
-46.5488166809082
-35.34342956542969
-40.11830520629883
-50.41612243652344
-35.54169464111328
-55.395408630371094
-38.24207305908203
-43.958038330078125
-70.41547393798828
-54.38306427001953
-60.985260009765625
-56.27197265625
-93.6412124633789
-31.740184783935547
-57.82146072387695
-33.208370208740234
-61.53629684448242
-75.15327453613281
-77.20706176757812
-15.176435470581055
-45.302955627441406
-71.85033416748047
-90.3042221069336
-55.70191955566406
-33.06713104248047
-39.134708404541016
-25.7454833984375
-60.4672966003418
-73.40653991699219
-64.68489074707031
-50.65440368652344
-45.574851989746094
-68.3966293334961
-37.755226135253906
-29.847240447998047
-47.7571907043457
-31.33059310913086
-39.82902526855469
-103.8412094116211
-27.56031036376953
-50.847740173339844
-65.66960906982422
-64.26126861572266
-69.02326965332031
-44.43054962158203
-74.62870025634766
-58.53875732421875
-89.60037994384766
-56.51420593261719
-45.24720764160156
-36.602874755859375
-46.77506637573242
-5.218449115753174
-61.51234817504883
-54.98675537109375
-71.50675201416016
-39.69256591796875
-90.6062240600586
-29.31513023376465
-21.102991104125977
-10.227324485778809
-76.82007598876953
-39.45172119140625
-43.80754089355469
-54.92610549926758
-41.75783157348633
-47.41921615600586
-110.21556854248047
-75.70989227294922
-56.89618682861328
-51.41245651245117
-64.59015655517578
-37.96271896362305
-73.35590362548828
-49.21708679199219
-23.846637725830078
-44.477943420410156
-59.27111053466797
-39.23393249511719
-65.0584945678711
-53.09233093261719
-38.57786560058594
-42.868736267089844
-53.929534912109375
-51.279624938964844
-35.54169464111328
-60.3699951171875
-60.12994384765625
-50.97364807128906
-78.51985931396484
-44.515357971191406
-70.01041412353516
-35.53056716918945
-48.06458282470703
-24.718915939331055
-49.50995635986328
-80.45040130615234
成功生成 198 个有效分子，有效率 99.0%--enthalpy setting=-50.0


2025-04-28 15:48:36
21.0194091796875
4.402442455291748
-30.1534423828125
-2.75308895111084
32.70497131347656
-14.418571472167969
4.412728786468506
8.41671371459961
48.40205764770508
-3.428039073944092
-18.933391571044922
2.705235004425049
-9.694026947021484
-25.36376953125
23.554155349731445
18.556602478027344
-27.77878189086914
23.674882888793945
0.2870316803455353
-9.381063461303711
-9.432397842407227
1.3511595726013184
5.250607013702393
-8.131122589111328
-10.149858474731445
-25.887683868408203
10.501032829284668
-27.23570442199707
-13.493427276611328
13.112645149230957
-30.780630111694336
-7.693006992340088
2.2527823448181152
-3.695115089416504
22.412036895751953
25.233551025390625
19.33785629272461
-16.346817016601562
-12.66749095916748
7.413510799407959
8.239812850952148
20.34070587158203
21.447298049926758
-17.452064514160156
3.9898905754089355
25.472152709960938
-7.326625823974609
0.9343705773353577
1.4112563133239746
-16.451692581176758
23.150083541870117
6.395900249481201
-37.13396453857422
-12.797125816345215
-1.6338672637939453
-18.933391571044922
5.343326091766357
-34.23578643798828
4.402442455291748
23.10014533996582
-6.574350833892822
-13.008532524108887
-54.463584899902344
-19.613788604736328
12.615615844726562
-19.911380767822266
-10.80788803100586
18.983661651611328
-3.986283779144287
9.98739242553711
-8.867962837219238
6.27407693862915
0.5638361573219299
16.328012466430664
-18.253705978393555
25.30028533935547
-21.69388198852539
17.225296020507812
1.7365479469299316
-9.423158645629883
1.6217765808105469
-18.548717498779297
-7.328164100646973
5.688230514526367
7.156287670135498
0.8739162087440491
-3.782930374145508
-9.930578231811523
10.267834663391113
43.985557556152344
-18.548715591430664
16.57680892944336
12.584395408630371
4.620350360870361
11.791296005249023
-8.064695358276367
24.549089431762695
-3.1886849403381348
-23.87228775024414
-1.600222110748291
-3.9231748580932617
12.683097839355469
-16.786231994628906
18.753093719482422
-6.732181072235107
3.8161377906799316
6.0624918937683105
-2.7025928497314453
4.27714204788208
0.33017686009407043
36.36283493041992
-12.668465614318848
-12.16020393371582
-6.420447826385498
-48.9794921875
-14.418571472167969
8.174869537353516
-31.057849884033203
23.68940544128418
-8.003334999084473
-8.080888748168945
-3.989360809326172
-41.40800857543945
3.3474221229553223
-35.23717498779297
-21.15274429321289
5.320732593536377
-9.464499473571777
-2.032519817352295
7.157781600952148
-24.903614044189453
-5.847646236419678
-12.928607940673828
-5.822878360748291
13.761978149414062
-13.392637252807617
-39.61018753051758
29.511558532714844
-11.939630508422852
-1.2060847282409668
51.43022537231445
-23.254058837890625
28.412700653076172
-29.71773910522461
-20.95148468017578
2.4939188957214355
-11.276601791381836
7.467916011810303
-15.192231178283691
-22.850601196289062
6.569610118865967
-10.674081802368164
-21.540985107421875
-5.936827659606934
-14.633892059326172
-9.832337379455566
-0.2794298827648163
-15.260164260864258
5.639654159545898
-35.057823181152344
8.98948860168457
-10.54477596282959
0.012425936758518219
-10.869438171386719
-22.455142974853516
32.03249740600586
45.034454345703125
7.024642467498779
-34.26995086669922
-6.6686015129089355
-13.26577091217041
9.802656173706055
-10.39887523651123
-7.968043804168701
-15.318826675415039
-23.35195541381836
2.4108529090881348
-20.453418731689453
3.6085734367370605
1.032606601715088
27.225780487060547
5.11685037612915
-10.926536560058594
14.124715805053711
4.021761417388916
-7.150784015655518
16.69108009338379
-19.7795467376709
7.268850803375244
-3.4983606338500977
-24.685422897338867
-2.431943416595459
-12.643282890319824
-7.5561676025390625
-14.940461158752441
-35.963844299316406
7.912021160125732
-10.769906997680664
-7.326626777648926
-5.956409931182861
成功生成 200 个有效分子，有效率 100.0%--enthalpy setting=0.01


2025-04-28 15:48:42
37.494468688964844
71.01172637939453
41.141807556152344
83.00735473632812
50.18578338623047
44.240325927734375
29.511554718017578
43.18061065673828
23.29776382446289
37.29896545410156
79.54869842529297
16.69044303894043
91.13856506347656
33.476295471191406
41.34371566772461
35.73594665527344
50.391456604003906
60.001041412353516
27.88242530822754
16.5686092376709
66.54331970214844
58.29755401611328
23.39269256591797
31.510814666748047
59.0057258605957
70.70568084716797
34.50227737426758
35.56844711303711
19.53664779663086
22.809223175048828
69.62712860107422
53.50811004638672
45.320011138916016
38.085044860839844
71.09998321533203
47.465511322021484
40.05644607543945
45.53380584716797
52.04619598388672
54.890647888183594
58.164451599121094
76.31041717529297
75.0028076171875
63.538185119628906
36.76726150512695
47.953651428222656
7.796834468841553
48.999759674072266
44.74559020996094
46.458229064941406
74.99420928955078
47.04359436035156
41.653053283691406
24.988109588623047
60.05863952636719
63.90382385253906
38.399349212646484
43.5079345703125
8.403512001037598
32.453094482421875
51.28203582763672
115.56072235107422
40.661346435546875
36.12892150878906
44.5210075378418
45.53380584716797
44.094512939453125
10.267834663391113
26.30171012878418
58.74956512451172
51.3973388671875
-8.560524940490723
48.69152069091797
49.133975982666016
28.106630325317383
50.16577911376953
53.48436737060547
45.64649200439453
54.49138259887695
45.381141662597656
77.83403778076172
76.1669692993164
27.81242561340332
23.300336837768555
61.02113342285156
38.01611328125
35.89345169067383
20.37173080444336
45.60569763183594
39.02413558959961
50.891563415527344
52.02785873413086
70.29442596435547
71.9242935180664
15.933561325073242
62.902069091796875
40.20125961303711
69.42864227294922
57.312294006347656
35.819541931152344
45.208648681640625
70.68659210205078
42.32545471191406
21.474119186401367
33.3006477355957
56.13091278076172
52.38954162597656
70.812744140625
47.75502014160156
20.874736785888672
85.56790924072266
32.34372329711914
16.800559997558594
66.82540130615234
36.75034713745117
42.19474792480469
43.546966552734375
77.62914276123047
35.94999313354492
59.703155517578125
53.798118591308594
37.948482513427734
50.75414276123047
40.0472412109375
43.58530044555664
25.935447692871094
37.477474212646484
47.30057144165039
58.415130615234375
27.15584373474121
54.42606735229492
74.99794006347656
46.20249938964844
24.524852752685547
45.11839294433594
73.7488021850586
30.424806594848633
47.525733947753906
107.37815856933594
36.935943603515625
84.53487396240234
60.49580383300781
31.925010681152344
50.174781799316406
55.50373077392578
24.281705856323242
42.29045867919922
19.491527557373047
40.482994079589844
29.790424346923828
54.368072509765625
86.75409698486328
44.54820251464844
59.713478088378906
73.69395446777344
35.1772575378418
50.11316680908203
35.874664306640625
61.16295623779297
63.334320068359375
101.20955657958984
66.75611877441406
64.88689422607422
30.772724151611328
74.71451568603516
35.32036590576172
84.4123764038086
35.81189727783203
49.80141830444336
101.33495330810547
38.86962890625
70.95431518554688
61.23541259765625
58.20429611206055
52.901275634765625
50.565643310546875
73.34971618652344
80.2380142211914
22.001697540283203
52.901275634765625
69.41548919677734
30.826087951660156
78.38011169433594
28.682409286499023
66.72673034667969
24.692729949951172
41.087066650390625
36.966163635253906
58.53091049194336
43.07613754272461
62.23318099975586
24.122234344482422
55.10371780395508
45.1606330871582
34.86375427246094
28.19659996032715
60.75653839111328
69.15198516845703
54.734710693359375
成功生成 199 个有效分子，有效率 99.5%--enthalpy setting=50.0


2025-04-28 15:48:48
69.86982727050781
111.87345886230469
108.63033294677734
101.44122314453125
104.1026840209961
58.60342788696289
95.75415802001953
73.56124114990234
92.71843719482422
87.83869934082031
106.9102783203125
84.20441436767578
138.0055694580078
88.16222381591797
96.289794921875
112.22227478027344
124.20183563232422
88.54878997802734
102.28117370605469
77.41192626953125
93.17295837402344
188.5205841064453
89.85663604736328
91.01227569580078
72.59119415283203
71.7881851196289
103.21459197998047
119.4690170288086
102.25092315673828
92.62492370605469
139.22523498535156
99.55624389648438
111.12879943847656
112.9690933227539
100.59613800048828
133.6166229248047
100.77301788330078
119.7851791381836
80.9630355834961
68.6998519897461
97.61378479003906
90.48188018798828
88.41107940673828
91.64318084716797
71.99836730957031
87.29608917236328
44.6995849609375
98.27876281738281
72.50090789794922
63.28179931640625
90.9786148071289
99.55624389648438
93.13208770751953
103.8252182006836
77.0814208984375
113.04105377197266
107.98172760009766
79.93802642822266
117.73430633544922
132.3390655517578
66.16356658935547
90.4245376586914
111.66620635986328
95.1554183959961
75.89602661132812
77.41192626953125
113.65534210205078
96.15357208251953
103.7225341796875
91.9195556640625
91.3369369506836
99.80741119384766
101.44122314453125
76.73943328857422
93.9532470703125
89.7972183227539
73.21649932861328
78.78267669677734
141.96768188476562
95.66780090332031
100.70403289794922
97.90066528320312
87.4881362915039
77.83403778076172
105.97815704345703
93.9532470703125
52.38954162597656
91.3369369506836
97.72510528564453
82.51624298095703
98.92731475830078
96.84554290771484
97.22936248779297
90.48188018798828
82.71086883544922
97.68128967285156
117.0638198852539
112.03536987304688
121.52018737792969
68.36959838867188
115.03388977050781
108.16725158691406
104.19168853759766
75.86133575439453
90.78191375732422
77.25041198730469
99.33374786376953
136.7173614501953
90.89703369140625
79.93802642822266
124.12568664550781
132.0166015625
102.64566802978516
92.54276275634766
119.4690170288086
85.93111419677734
58.48391342163086
135.1422576904297
134.12501525878906
92.68245697021484
77.8635025024414
114.10008239746094
89.63301086425781
118.91038513183594
98.92731475830078
83.31521606445312
77.14601135253906
74.6556625366211
74.39604187011719
102.1876220703125
76.69603729248047
106.9102783203125
87.3600845336914
98.57339477539062
102.48770904541016
118.7959976196289
81.32697296142578
71.70067596435547
93.91248321533203
74.0417251586914
103.6892318725586
108.44241333007812
116.65457916259766
108.16725158691406
103.7225341796875
103.99993133544922
148.16468811035156
136.23516845703125
143.51327514648438
133.6166229248047
113.1547622680664
79.77348327636719
112.96104431152344
135.02439880371094
63.28179931640625
99.32756805419922
79.17110443115234
124.57862854003906
59.33808898925781
118.7959976196289
88.85958099365234
104.70954895019531
94.08423614501953
108.16725158691406
77.9582748413086
66.90364837646484
126.78607940673828
137.1476593017578
80.37493133544922
84.16536712646484
117.0899658203125
117.73430633544922
99.44085693359375
93.5632095336914
96.40304565429688
118.91038513183594
100.77301788330078
115.7011947631836
83.05586242675781
84.19568634033203
102.64566802978516
83.67845916748047
86.18606567382812
73.42230987548828
92.26139068603516
94.83533477783203
91.4645004272461
89.01617431640625
99.51651763916016
99.16148376464844
103.32514953613281
96.0717544555664
87.0052261352539
75.173828125
107.7699203491211
76.4538345336914
成功生成 196 个有效分子，有效率 98.0%--enthalpy setting=100.0


2025-04-28 15:48:53
172.38291931152344
192.2992706298828
134.12501525878906
186.7466278076172
171.25299072265625
107.2572250366211
149.77403259277344
185.06564331054688
156.0570526123047
140.8596649169922
100.15534210205078
151.79351806640625
163.99996948242188
167.04397583007812
167.32032775878906
145.466552734375
162.842041015625
148.99497985839844
163.99996948242188
146.63941955566406
124.12568664550781
131.16358947753906
173.4307861328125
135.91217041015625
172.12901306152344
141.0147247314453
187.97230529785156
163.99996948242188
147.13279724121094
187.97230529785156
172.1290283203125
192.2992706298828
156.0570526123047
159.9109649658203
152.86204528808594
151.79351806640625
148.99497985839844
129.05438232421875
121.22794342041016
154.32644653320312
159.9109649658203
185.06564331054688
176.14012145996094
141.0147247314453
173.12721252441406
129.9486846923828
190.861083984375
147.13279724121094
173.4307861328125
187.97230529785156
116.37055969238281
157.6864013671875
154.52711486816406
162.842041015625
99.94353485107422
152.86204528808594
160.5496368408203
157.6071319580078
141.0147247314453
157.6071319580078
129.67051696777344
133.6933135986328
124.12568664550781
162.842041015625
128.00453186035156
136.23516845703125
156.0570526123047
145.45668029785156
155.3779754638672
118.91038513183594
142.2934112548828
159.6407928466797
140.8596649169922
148.99497985839844
162.842041015625
157.6864013671875
186.7466278076172
167.04397583007812
146.63941955566406
137.4342498779297
136.2518310546875
167.04397583007812
163.99996948242188
142.7202911376953
148.16468811035156
162.25608825683594
151.79351806640625
116.61820220947266
190.86109924316406
136.23516845703125
142.7202911376953
185.06564331054688
149.29022216796875
157.6864013671875
138.7497100830078
133.5654754638672
162.842041015625
167.32032775878906
159.9109649658203
108.80624389648438
122.7948226928711
140.57118225097656
157.6864013671875
162.842041015625
156.0570526123047
163.99996948242188
192.2992706298828
151.79351806640625
117.0638198852539
150.17333984375
98.20259094238281
129.02793884277344
129.9486846923828
132.8207244873047
162.25608825683594
143.4248809814453
145.466552734375
154.9220733642578
135.91217041015625
173.9113311767578
127.8125991821289
162.842041015625
133.48306274414062
141.7415313720703
130.42173767089844
215.25437927246094
156.0570526123047
179.1341094970703
157.6864013671875
156.0570526123047
137.4342498779297
159.9109649658203
205.83946228027344
173.9113311767578
172.12901306152344
149.87928771972656
116.61820220947266
140.8596649169922
143.51327514648438
151.79351806640625
158.4503936767578
164.04017639160156
142.7202911376953
162.842041015625
143.51327514648438
148.16468811035156
143.51327514648438
146.63941955566406
155.2855987548828
117.0638198852539
172.12901306152344
172.38291931152344
160.5496368408203
135.02439880371094
142.0906219482422
162.842041015625
140.57118225097656
171.25299072265625
130.9306640625
148.16468811035156
173.4307861328125
126.31436920166016
148.16468811035156
192.22476196289062
147.13279724121094
141.18084716796875
148.99497985839844
140.8596649169922
181.34715270996094
157.6864013671875
107.45124816894531
150.17333984375
172.12901306152344
160.5496368408203
172.38290405273438
133.6933135986328
140.19508361816406
145.53672790527344
98.20259094238281
99.44085693359375
147.13279724121094
162.842041015625
185.0656280517578
138.7497100830078
173.12721252441406
145.58753967285156
152.86204528808594
171.25299072265625
117.0638198852539
148.99497985839844
148.99497985839844
148.42431640625
172.12901306152344
成功生成 193 个有效分子，有效率 96.5%--enthalpy setting=150.0


2025-04-28 15:48:59
192.22476196289062
241.98155212402344
241.98155212402344
241.98155212402344
209.3903350830078
209.3903350830078
222.6075439453125
211.56117248535156
173.9113311767578
209.3903350830078
211.56117248535156
209.3903350830078
167.32032775878906
241.98155212402344
209.3903350830078
209.3903350830078
209.3903350830078
241.98155212402344
192.22476196289062
241.98155212402344
192.22476196289062
209.3903350830078
241.98155212402344
241.98155212402344
173.9113311767578
211.56117248535156
209.3903350830078
187.97230529785156
209.3903350830078
209.3903350830078
192.22476196289062
124.12568664550781
215.1647186279297
209.3903350830078
224.1739044189453
179.1341094970703
209.3903350830078
182.5704345703125
181.34715270996094
197.55288696289062
209.3903350830078
173.43080139160156
209.3903350830078
209.3903350830078
209.3903350830078
169.1298370361328
192.22476196289062
209.3903350830078
181.34715270996094
173.12721252441406
227.10768127441406
219.06544494628906
241.98155212402344
192.2992706298828
192.2992706298828
192.2992706298828
224.48529052734375
209.3903350830078
209.3903350830078
241.98155212402344
232.6166534423828
209.3903350830078
179.1341094970703
209.3903350830078
209.3903350830078
209.3903350830078
173.12721252441406
141.7499542236328
205.71351623535156
241.98155212402344
211.56117248535156
151.83529663085938
209.3903350830078
231.18865966796875
224.1738739013672
215.1647186279297
211.56117248535156
209.3903350830078
157.6205291748047
209.3903350830078
224.1739044189453
209.3903350830078
209.3903350830078
211.56117248535156
209.3903350830078
181.34715270996094
192.22476196289062
192.22476196289062
197.55288696289062
224.1738739013672
209.43429565429688
160.88746643066406
209.3903350830078
192.2992706298828
201.86683654785156
213.0925750732422
209.3903350830078
209.3903350830078
224.1739044189453
188.57142639160156
209.3903350830078
209.3903350830078
257.3847351074219
224.1738739013672
192.22476196289062
224.1739044189453
241.98155212402344
209.3903350830078
209.3903350830078
192.22476196289062
231.38722229003906
241.98155212402344
182.5704345703125
254.7791290283203
209.3903350830078
209.3903350830078
209.3903350830078
211.60186767578125
192.2992706298828
209.3903350830078
192.22476196289062
209.3903350830078
241.98155212402344
211.56117248535156
209.3903350830078
241.98155212402344
192.2992706298828
209.3903350830078
209.3903350830078
162.842041015625
192.22476196289062
173.91134643554688
209.3903350830078
209.3903350830078
209.3903350830078
241.98155212402344
201.86683654785156
173.4307861328125
211.56117248535156
209.3903350830078
256.0875244140625
223.94090270996094
182.5704345703125
204.45286560058594
162.9177703857422
192.2992706298828
209.3903350830078
241.98155212402344
182.5704345703125
241.98155212402344
211.56117248535156
209.3903350830078
215.3833770751953
241.98155212402344
192.12245178222656
209.3903350830078
209.3903350830078
209.3903350830078
174.74668884277344
209.3903350830078
209.3903350830078
192.2992706298828
241.98155212402344
209.3903350830078
160.5496368408203
192.2992706298828
成功生成 166 个有效分子，有效率 83.0%--enthalpy setting=200.0


2025-04-28 15:49:05
241.98155212402344
245.33836364746094
241.98155212402344
245.33836364746094
223.94090270996094
245.33836364746094
241.98155212402344
245.33836364746094
245.33836364746094
241.98155212402344
241.98155212402344
267.06304931640625
241.98155212402344
276.6335754394531
276.6335754394531
241.98155212402344
237.77732849121094
245.33836364746094
241.98155212402344
241.98155212402344
298.791748046875
276.6335754394531
241.98155212402344
241.98155212402344
245.33836364746094
245.33836364746094
241.98155212402344
276.6335754394531
245.33836364746094
241.98155212402344
241.98155212402344
245.33836364746094
245.33836364746094
245.33836364746094
241.98155212402344
245.33836364746094
276.6335754394531
245.33836364746094
253.2838134765625
241.98155212402344
241.98155212402344
241.98155212402344
241.98155212402344
245.33836364746094
276.6335754394531
241.98155212402344
293.559814453125
241.98155212402344
245.33836364746094
276.6335754394531
276.6335754394531
241.98155212402344
245.33836364746094
241.98155212402344
241.98155212402344
245.33836364746094
241.98155212402344
276.6335754394531
245.33836364746094
241.98155212402344
241.98155212402344
276.6335754394531
241.98155212402344
241.98155212402344
224.1738739013672
276.6335754394531
245.33836364746094
299.78472900390625
276.6335754394531
245.33836364746094
276.6335754394531
241.98155212402344
241.98155212402344
276.6335754394531
241.98155212402344
245.33836364746094
241.98155212402344
276.6335754394531
245.33836364746094
245.33836364746094
241.98155212402344
245.33836364746094
241.98155212402344
276.6335754394531
237.77732849121094
276.6335754394531
245.33836364746094
209.3903350830078
245.33836364746094
241.98155212402344
241.98155212402344
241.98155212402344
241.98155212402344
276.6335754394531
241.98155212402344
245.33836364746094
245.33836364746094
237.77732849121094
245.33836364746094
198.07933044433594
262.90203857421875
241.98155212402344
241.98155212402344
276.6335754394531
241.98155212402344
241.98155212402344
245.33836364746094
241.98155212402344
241.98155212402344
241.98155212402344
245.33836364746094
241.98155212402344
241.98155212402344
241.98155212402344
237.77732849121094
276.6335754394531
276.6335754394531
241.98155212402344
241.98155212402344
241.98155212402344
245.33836364746094
241.98155212402344
276.6335754394531
245.33836364746094
237.77732849121094
276.6335754394531
209.3903350830078
288.848876953125
245.33836364746094
245.33836364746094
241.98155212402344
241.98155212402344
245.33836364746094
245.33836364746094
276.6335754394531
241.98155212402344
245.33836364746094
241.98155212402344
245.33836364746094
241.98155212402344
245.33836364746094
241.98155212402344
245.33836364746094
241.98155212402344
209.3903350830078
276.6335754394531
241.98155212402344
241.98155212402344
276.6335754394531
241.98155212402344
245.33836364746094
241.98155212402344
241.98155212402344
241.98155212402344
241.98155212402344
276.6335754394531
241.98155212402344
276.6335754394531
245.33836364746094
241.98155212402344
245.33836364746094
276.6335754394531
241.98155212402344
241.98155212402344
245.33836364746094
245.33836364746094
245.33836364746094
241.98155212402344
245.33836364746094
276.6335754394531
276.6335754394531
245.33836364746094
245.33836364746094
276.6335754394531
245.33836364746094
241.98155212402344
245.33836364746094
241.98155212402344
成功生成 178 个有效分子，有效率 89.0%--enthalpy setting=250.0


2025-04-28 15:49:11
276.6335754394531
276.6335754394531
215.3452911376953
276.6335754394531
276.6335754394531
276.6335754394531
276.6335754394531
276.6335754394531
276.6335754394531
276.6335754394531
276.6335754394531
276.6335754394531
276.6335754394531
245.33836364746094
276.6335754394531
276.6335754394531
215.3452911376953
276.6335754394531
201.11265563964844
276.6335754394531
276.6335754394531
276.6335754394531
291.9991455078125
276.6335754394531
245.33836364746094
212.7747039794922
245.33836364746094
276.6335754394531
321.948974609375
276.6335754394531
276.6335754394531
276.6335754394531
276.6335754394531
276.6335754394531
276.6335754394531
276.6335754394531
276.6335754394531
276.6335754394531
237.1519317626953
276.6335754394531
276.6335754394531
276.6335754394531
276.6335754394531
276.6335754394531
276.6335754394531
276.6335754394531
276.6335754394531
276.6335754394531
276.6335754394531
174.89187622070312
276.6335754394531
276.6335754394531
276.6335754394531
276.6335754394531
276.6335754394531
273.5902099609375
276.6335754394531
276.6335754394531
276.6335754394531
276.6335754394531
291.9991455078125
245.33836364746094
276.6335754394531
276.6335754394531
276.6335754394531
230.04019165039062
245.33836364746094
276.6335754394531
276.6335754394531
237.1519317626953
276.6335754394531
291.9991455078125
276.6335754394531
276.6335754394531
276.6335754394531
276.6335754394531
276.6335754394531
276.6335754394531
276.6335754394531
276.6335754394531
276.6335754394531
276.6335754394531
276.6335754394531
276.6335754394531
276.6335754394531
276.6335754394531
276.6335754394531
276.6335754394531
276.6335754394531
276.6335754394531
245.33836364746094
276.6335754394531
215.3452911376953
276.6335754394531
291.9991455078125
成功生成 95 个有效分子，有效率 47.5%--enthalpy setting=300.0


2025-04-28 15:49:18
成功生成 0 个有效分子，有效率 0.0%--enthalpy setting=350.0

