
2025-10-20 11:40:27
-323.41363525390625
-185.58148193359375
-86.79399108886719
-86.79399108886719
-10.225347518920898
-86.79399108886719
-86.79399108886719
111.4845962524414
-103.27533721923828
-255.43154907226562
167.32032775878906
62.994136810302734
-176.284912109375
-86.79399108886719
-394.7381896972656
-86.79399108886719
-86.79399108886719
-86.79399108886719
-86.79399108886719
-86.79399108886719
-86.79399108886719
-86.79399108886719
-86.79399108886719
-163.9279327392578
-86.79399108886719
-86.79399108886719
-86.79399108886719
-86.79399108886719
-86.79399108886719
-86.79399108886719
-86.79399108886719
-22.94660186767578
-188.3977813720703
-86.79399108886719
-86.79399108886719
-86.79399108886719
-372.9963073730469
-93.77387237548828
-86.79399108886719
-86.79399108886719
-86.79399108886719
-86.79399108886719
64.99561309814453
-86.79399108886719
-86.79399108886719
-86.79399108886719
-384.6131591796875
-86.79399108886719
-86.79399108886719
-146.88731384277344
-86.79399108886719
-86.79399108886719
-86.79399108886719
-86.79399108886719
-18.898136138916016
-295.16290283203125
成功生成 56 个有效分子，有效率 56.0%--enthalpy setting=None

2025-10-20 12:34:53
-86.79399108886719
-86.79399108886719
78.69901275634766
-86.79399108886719
167.04397583007812
-353.8560485839844
-11.76302433013916
-86.79399108886719
-86.79399108886719
-297.87677001953125
-387.60162353515625
-86.79399108886719
-279.9248962402344
-86.79399108886719
-86.79399108886719
-86.79399108886719
145.53672790527344
-86.79399108886719
-86.79399108886719
-86.79399108886719
-86.79399108886719
-86.79399108886719
-107.48143005371094
-166.6805419921875
-86.79399108886719
-86.79399108886719
-86.79399108886719
83.98564910888672
-86.79399108886719
68.4356460571289
-296.09051513671875
-86.79399108886719
-86.79399108886719
-86.79399108886719
-86.79399108886719
-86.79399108886719
-86.79399108886719
-86.79399108886719
-86.79399108886719
-86.79399108886719
-86.79399108886719
-132.18594360351562
-86.79399108886719
-86.79399108886719
25.441692352294922
-209.69448852539062
-86.79399108886719
-164.84669494628906
-86.79399108886719
-300.6006164550781
-86.79399108886719
-86.79399108886719
-86.79399108886719
-86.79399108886719
241.98155212402344
241.98155212402344
-74.35287475585938
成功生成 57 个有效分子，有效率 57.0%--enthalpy setting=None
