
2025-06-20 22:11:19
-96.60138702392578
-106.91999053955078
-89.52535247802734
-102.62114715576172
-77.33857727050781
-107.28977966308594
-124.69664764404297
-95.99886322021484
-88.70211029052734
-91.54000854492188
-97.08922576904297
-98.10218048095703
-96.28153228759766
-104.51946258544922
-88.49237823486328
-87.0801010131836
-88.9086685180664
-93.02642059326172
-109.24372863769531
-117.3788070678711
-88.84520721435547
-97.60852813720703
-112.13298797607422
-96.20484161376953
-104.8288803100586
-103.9003677368164
-88.3822250366211
-102.1405258178711
-99.3476791381836
-89.25176239013672
-71.88204193115234
-91.39661407470703
-99.2810287475586
-81.14118194580078
-92.06869506835938
-111.77605438232422
-90.32009887695312
-100.88147735595703
-104.23441314697266
-89.16576385498047
-83.59882354736328
-98.0997543334961
-137.98146057128906
-61.53478240966797
-109.32886505126953
-75.36083984375
-92.27640533447266
-91.07866668701172
-100.85648345947266
成功生成 49 个有效分子，有效率 98.0%--enthalpy setting=-100.0
