
2025-06-20 22:04:05
-167.75047302246094
-183.72740173339844
-196.78932189941406
-182.7642059326172
-201.69093322753906
-221.11936950683594
-201.24197387695312
-201.5848388671875
-216.60198974609375
-198.3623809814453
-193.8981475830078
-199.82981872558594
-187.0015411376953
-185.91880798339844
-188.3977813720703
-166.8169403076172
-212.8262176513672
-184.4470977783203
-207.2638702392578
-211.45455932617188
-204.3854217529297
-201.85296630859375
-188.76353454589844
-197.68917846679688
-200.79542541503906
-179.3020477294922
-195.9070587158203
-209.17416381835938
-184.39352416992188
-202.9327850341797
-189.49949645996094
-185.71571350097656
-200.25132751464844
-187.71546936035156
-202.72691345214844
-199.86610412597656
-200.19874572753906
-206.36000061035156
-192.2251739501953
-171.6407928466797
-185.20237731933594
-201.61219787597656
-198.44976806640625
-190.3869171142578
-199.637939453125
-200.2783660888672
-162.64883422851562
-196.9532012939453
-195.3356170654297
-197.27000427246094
-195.5780487060547
-145.6694793701172
-204.6430206298828
-209.1623077392578
-212.6593017578125
-208.42799377441406
-216.4685516357422
-183.95050048828125
-196.78932189941406
-178.2334442138672
-189.01206970214844
-189.60682678222656
-211.0418701171875
-184.82518005371094
-218.05157470703125
-204.3904266357422
-223.48130798339844
-204.33753967285156
-196.61146545410156
-204.61741638183594
-195.23114013671875
-183.298583984375
-203.59568786621094
-202.96327209472656
-185.38490295410156
-166.20326232910156
-185.71571350097656
-192.3080596923828
-180.8985137939453
-188.4504852294922
-189.4514923095703
-210.9139862060547
-179.6942138671875
-193.14552307128906
-190.0410919189453
-215.5104522705078
-193.25347900390625
-216.08937072753906
-202.14857482910156
-191.3057098388672
-204.8767547607422
-215.5104522705078
-193.83799743652344
-215.31951904296875
-196.93861389160156
-154.6006317138672
-201.82803344726562
-198.63827514648438
-201.95948791503906
-181.17137145996094
-225.89833068847656
-188.08155822753906
-232.72784423828125
-162.64883422851562
-202.3480987548828
-191.77381896972656
-210.393310546875
-188.21884155273438
-202.8009796142578
-191.93528747558594
-201.61219787597656
-197.31626892089844
-213.13763427734375
-182.71176147460938
-186.1161346435547
-199.1155548095703
-200.41900634765625
-188.61148071289062
-216.95921325683594
-194.28799438476562
-200.69252014160156
-215.5772705078125
-212.78509521484375
-185.55517578125
-187.04034423828125
-219.3005828857422
-201.34872436523438
-196.8995819091797
-197.4652099609375
-194.27316284179688
-204.58045959472656
-191.9730987548828
-185.95022583007812
-179.4980010986328
-192.21592712402344
-206.53659057617188
-251.74317932128906
-206.9781951904297
-196.44442749023438
-215.5104522705078
-207.31402587890625
-200.83204650878906
-191.32090759277344
-187.0261688232422
-204.0762481689453
-182.71176147460938
-210.43690490722656
-174.42247009277344
-212.62904357910156
-213.79420471191406
-214.06556701660156
-189.4363250732422
-180.1214141845703
-206.9781951904297
-188.5246124267578
-201.103271484375
-199.8160858154297
-206.39321899414062
-191.9805450439453
-196.36532592773438
-195.33009338378906
-199.98104858398438
-207.76930236816406
-202.99354553222656
-174.42247009277344
-203.89439392089844
-183.27664184570312
-209.69448852539062
-179.1451416015625
-182.90135192871094
-194.50914001464844
-166.75747680664062
-189.79151916503906
-197.5249786376953
-188.68690490722656
-198.44976806640625
-190.05618286132812
-179.9101104736328
-201.29429626464844
-232.4676055908203
-199.50209045410156
-188.5246124267578
-177.2469024658203
-188.8455047607422
-185.24667358398438
-228.58538818359375
-207.29287719726562
-189.01206970214844
-198.54054260253906
-200.53875732421875
-185.71571350097656
-200.61940002441406
-203.79710388183594
-194.50914001464844
-184.3232879638672
成功生成 195 个有效分子，有效率 97.5%--enthalpy setting=-200.0

2025-06-20 22:10:30
-99.89653778076172
-99.55810546875
-85.71469116210938
-81.89717102050781
-86.00904083251953
-105.0382080078125
-60.209869384765625
-100.26290893554688
-96.37000274658203
-90.41101837158203
-98.49016571044922
-100.5324935913086
-101.72237396240234
-79.69598388671875
-98.42069244384766
-86.7865219116211
-109.67356872558594
-92.9439697265625
-94.27754974365234
-107.15064239501953
-100.14214324951172
-109.01582336425781
-93.856201171875
-95.98980712890625
-92.06869506835938
-108.32971954345703
-87.645263671875
-96.94023132324219
-99.54732513427734
-104.8072738647461
-119.40535736083984
-103.57234954833984
-57.837310791015625
-100.35677337646484
-91.44410705566406
-84.9033203125
-94.23668670654297
-104.73470306396484
-90.24980926513672
-104.09374237060547
-91.62793731689453
-110.23435974121094
-94.70642852783203
-110.12125396728516
-91.62793731689453
-96.93267059326172
-99.83345031738281
-90.21561431884766
-99.3548812866211
-80.82902526855469
成功生成 50 个有效分子，有效率 100.0%--enthalpy setting=-100.0
