
2025-05-02 01:21:40
-185.7996368408203
228.0784454345703
-281.980224609375
-144.39947509765625
5.918732166290283
69.15290832519531
-287.55126953125
87.4559097290039
-71.2403335571289
-255.2625274658203
-266.15142822265625
-87.80657958984375
84.4858169555664
-231.17822265625
-293.71417236328125
-230.2318572998047
179.1341094970703
-158.53363037109375
-49.14369583129883
-53.92163848876953
-336.04327392578125
-94.96810150146484
61.80106735229492
241.98155212402344
-370.8653259277344
-291.14617919921875
-134.43312072753906
241.98155212402344
276.6335754394531
-69.6794662475586
-394.7381896972656
-63.87152862548828
-308.9595947265625
-320.5467529296875
140.57118225097656
-175.48077392578125
-387.60162353515625
209.3903350830078
-307.6333312988281
-280.3769226074219
192.22476196289062
-216.62620544433594
-245.2515106201172
-50.93175506591797
-128.1946563720703
276.6335754394531
-170.16122436523438
-162.7530975341797
34.721900939941406
276.6335754394531
-84.85651397705078
69.8722915649414
16.640600204467773
171.25299072265625
-202.3480987548828
33.941532135009766
192.2992706298828
-245.3090057373047
-342.6617431640625
-50.96892547607422
-68.66250610351562
29.92128562927246
-262.0797119140625
107.82746124267578
-359.3146667480469
276.6335754394531
-182.5380401611328
-179.8848876953125
-265.6956481933594
-7.5647664070129395
18.82806396484375
224.1738739013672
-71.87078094482422
-250.3480682373047
57.21226119995117
121.52018737792969
-47.24519348144531
100.59613800048828
-164.3270263671875
116.61820220947266
209.3903350830078
-75.08501434326172
-299.61138916015625
-370.32354736328125
69.23494720458984
27.258089065551758
-202.9327850341797
59.085723876953125
-140.72911071777344
-223.97499084472656
-139.70082092285156
162.842041015625
-94.91061401367188
-342.36517333984375
103.82162475585938
-295.7320556640625
-199.98104858398438
192.22476196289062
-229.4181671142578
-22.072534561157227
276.6335754394531
242.5188751220703
291.9991455078125
209.3903350830078
-124.85296630859375
-75.08939361572266
10.214431762695312
-191.0330047607422
-350.97454833984375
17.48639678955078
-256.48590087890625
39.27271270751953
-159.51942443847656
-394.7381896972656
-61.01325225830078
172.38290405273438
133.48306274414062
76.53555297851562
276.6335754394531
-19.127769470214844
-351.4947509765625
241.98155212402344
-329.17974853515625
245.33836364746094
-220.20835876464844
-331.00006103515625
-77.5371322631836
171.25299072265625
146.63941955566406
-2.616122245788574
276.6335754394531
-103.4929428100586
59.40023422241211
34.5382080078125
110.02127838134766
54.280216217041016
-195.89987182617188
-329.77471923828125
149.29022216796875
-96.36510467529297
成功生成 140 个有效分子，有效率 70.0%--enthalpy setting=None
