
2025-04-28 16:32:40
-296.94268798828125
-291.10205078125
-317.1367492675781
-319.0193176269531
-299.85638427734375
-333.78955078125
-360.4902648925781
-265.16009521484375
-267.5796813964844
-350.0648193359375
-347.07208251953125
-367.2720947265625
-271.6972351074219
-358.224853515625
-302.4538269042969
-363.96783447265625
-360.91534423828125
-342.5841064453125
-326.7887878417969
-213.92320251464844
-275.6720886230469
-387.95489501953125
-210.98098754882812
-317.08056640625
-383.562255859375
-388.28668212890625
-278.5023193359375
-363.8399963378906
-333.8069152832031
-309.4036865234375
-289.3810119628906
-338.931396484375
-330.118896484375
-328.2811584472656
-365.2634582519531
-334.93682861328125
-298.3983154296875
-264.67919921875
-344.77227783203125
-291.5413818359375
-359.9787902832031
-356.6806945800781
-355.94317626953125
-341.7520446777344
-370.08038330078125
-336.28692626953125
-360.6356201171875
-293.5792236328125
-355.0267028808594
-372.9758605957031
-254.9659423828125
-324.86541748046875
-284.8887023925781
-346.579833984375
-263.51226806640625
-377.41015625
-340.49847412109375
-293.6087646484375
-352.7236328125
成功生成 59 个有效分子，有效率 29.5%--enthalpy setting=-450.0


2025-04-28 16:32:48
-279.66357421875
-370.2203369140625
-302.739501953125
-346.5502014160156
-340.1833190917969
-301.7589111328125
-317.4358215332031
-307.2898864746094
-376.623779296875
-170.8017578125
-293.1612548828125
-322.78363037109375
-263.0155029296875
-329.4450988769531
-290.3133544921875
-324.0252380371094
-329.6498718261719
-285.8802490234375
-247.37460327148438
-331.62054443359375
-299.80963134765625
-330.35906982421875
-243.74693298339844
-229.7831573486328
-300.76312255859375
-292.54046630859375
-319.7113037109375
-350.3308410644531
-340.4001159667969
-377.59051513671875
-363.07745361328125
-322.99554443359375
-350.0390930175781
-272.216552734375
-262.03900146484375
-296.17584228515625
-375.28118896484375
-220.9912567138672
-208.84442138671875
-379.33624267578125
-315.7082824707031
-331.8155517578125
-274.6573791503906
-326.7355041503906
-269.2559814453125
-335.242431640625
-293.79766845703125
-367.9242858886719
-297.97265625
-327.7476806640625
-255.7938232421875
-310.18902587890625
-281.7620849609375
-346.98052978515625
-345.46783447265625
-357.38006591796875
-321.5976257324219
-233.0447540283203
-263.8603515625
-268.8815002441406
-333.74346923828125
-241.7255401611328
-371.4873046875
-262.423095703125
-274.9102783203125
成功生成 65 个有效分子，有效率 32.5%--enthalpy setting=-400.0


2025-04-28 16:32:58
-365.28289794921875
-323.42510986328125
-383.14630126953125
-286.65313720703125
-290.53216552734375
-252.57791137695312
-327.26885986328125
-327.5381164550781
-303.388916015625
-292.15673828125
-378.73663330078125
-317.639892578125
-300.7266540527344
-263.84912109375
-198.10694885253906
-342.55975341796875
-306.69378662109375
-383.66143798828125
-362.42596435546875
-331.58135986328125
-333.71630859375
-327.6235046386719
-343.8572082519531
-313.94708251953125
-288.6083679199219
-322.01025390625
-329.35296630859375
-349.52911376953125
-251.18739318847656
-296.67254638671875
-323.557373046875
-312.46685791015625
-365.293701171875
-314.6263122558594
-210.15078735351562
-306.3980712890625
-119.16217803955078
-312.48089599609375
-294.29718017578125
-234.90966796875
-337.283447265625
-280.26922607421875
-346.02587890625
-370.5123291015625
-337.8793640136719
-292.0406799316406
-310.9168395996094
-262.1186218261719
-358.59796142578125
-365.53204345703125
-262.8778076171875
-337.23114013671875
-353.224853515625
-241.1937713623047
-319.65045166015625
-274.4003601074219
-386.9130554199219
-196.0723114013672
-378.28271484375
-246.70350646972656
-256.6332702636719
-246.89810180664062
-266.7821350097656
-316.71002197265625
-371.4210510253906
-350.3888244628906
成功生成 66 个有效分子，有效率 33.0%--enthalpy setting=-350.0


2025-04-28 16:33:07
-322.60943603515625
-311.5128173828125
-319.5791015625
-169.57200622558594
-369.2085876464844
-267.52777099609375
-286.8209228515625
-169.50160217285156
-378.28057861328125
-258.3480224609375
-260.70037841796875
-294.0097961425781
-182.56727600097656
-287.7293701171875
-288.19488525390625
-292.4859619140625
-383.01080322265625
-154.2500457763672
-366.8290710449219
-370.2953186035156
-306.0580749511719
-191.91990661621094
-318.2396240234375
-357.0887756347656
-409.472412109375
-299.4065856933594
-356.0375671386719
-306.8820495605469
-334.12646484375
-394.18341064453125
-314.68243408203125
-261.1217041015625
-363.41668701171875
-256.8367614746094
-349.74444580078125
-325.23828125
-332.83489990234375
-305.7914123535156
-280.7875671386719
-329.2118835449219
-351.33343505859375
-265.8594055175781
-220.0716094970703
-325.0922546386719
-320.8962707519531
-219.22793579101562
-231.68612670898438
-322.93316650390625
-319.66796875
-286.05560302734375
-290.6216735839844
-262.4933776855469
-269.6634826660156
-331.81292724609375
-414.48419189453125
-299.38177490234375
-262.6522216796875
-344.7242431640625
-340.5145263671875
-270.6484375
-275.57415771484375
-326.58428955078125
-337.866455078125
-333.2057800292969
-218.3351593017578
-369.081298828125
-286.19915771484375
-307.1003112792969
-342.37982177734375
-298.48480224609375
-212.91290283203125
-295.0598449707031
成功生成 72 个有效分子，有效率 36.0%--enthalpy setting=-300.0


2025-04-28 16:33:16
-344.03668212890625
-326.62060546875
-170.27857971191406
-299.9427185058594
-247.7542266845703
-281.0267639160156
-254.4429473876953
-252.64027404785156
-168.27272033691406
-245.72618103027344
-354.1773681640625
-364.1117858886719
-337.88812255859375
-258.05633544921875
-307.01702880859375
-196.74855041503906
-236.6305389404297
-239.49061584472656
-251.9352569580078
-302.99554443359375
-356.0340576171875
-365.408447265625
-332.3551330566406
-223.5280303955078
-232.62539672851562
-284.56475830078125
-277.6567687988281
-366.2915954589844
-322.43206787109375
-271.96734619140625
-220.66844177246094
-270.7270202636719
-312.794921875
-287.079345703125
-359.12548828125
-198.8657989501953
-248.71231079101562
-324.9089660644531
-266.7138977050781
-180.7505340576172
-313.73858642578125
-285.8193359375
-316.81304931640625
-271.37554931640625
-351.72991943359375
-370.85791015625
-264.8070983886719
-347.188232421875
-259.1519775390625
-317.1967468261719
-255.16732788085938
-293.61669921875
-284.56500244140625
-379.2491455078125
-296.694091796875
-249.23165893554688
成功生成 56 个有效分子，有效率 28.0%--enthalpy setting=-250.0


2025-04-28 16:33:25
-259.4496154785156
-124.8613052368164
-228.1512908935547
-280.5343017578125
-185.23231506347656
-303.8330078125
-306.4140625
-278.9460754394531
-326.89990234375
-265.77447509765625
-368.87274169921875
-261.4163818359375
-196.9335174560547
-222.3865203857422
-240.5279541015625
-130.2761993408203
-244.7726287841797
-220.6649932861328
-304.79718017578125
-305.0289306640625
-261.99835205078125
-274.55535888671875
-224.059326171875
-259.3965148925781
-97.76848602294922
-262.252685546875
-234.4617156982422
-258.83538818359375
-273.4318542480469
-301.2080383300781
-239.48060607910156
-318.3182373046875
-290.56475830078125
-164.54441833496094
-272.3376770019531
-226.01390075683594
-219.94552612304688
-347.9997253417969
-264.2403259277344
-218.61952209472656
-158.04385375976562
-259.3092041015625
-203.83580017089844
-322.22979736328125
-204.32815551757812
-203.63070678710938
-289.05609130859375
-121.53131866455078
-326.5916442871094
-308.27880859375
-348.6520080566406
-257.0726318359375
-366.17950439453125
-341.70806884765625
-358.9710693359375
-204.61427307128906
-322.04632568359375
-294.0428466796875
-269.58013916015625
-285.6778564453125
-246.45285034179688
-316.82843017578125
-305.5888977050781
-298.8522033691406
-246.74623107910156
成功生成 65 个有效分子，有效率 32.5%--enthalpy setting=-200.0


2025-04-28 16:33:33
-266.3944396972656
-282.3416442871094
-289.8773193359375
-328.59735107421875
-199.94752502441406
-244.3522491455078
-286.25262451171875
-264.79608154296875
-199.79493713378906
-202.4833984375
-210.3133087158203
-301.6401672363281
-185.2834930419922
-161.81243896484375
-244.3494415283203
-110.0046157836914
-229.77383422851562
-156.1588592529297
-167.6537628173828
-269.42449951171875
-277.7711486816406
-157.3529052734375
-173.88868713378906
-198.63442993164062
-175.12977600097656
-202.88304138183594
-322.200927734375
-307.9279479980469
-210.89027404785156
-264.59326171875
-217.01480102539062
-282.5047607421875
-231.91770935058594
-223.72630310058594
-108.55469512939453
-186.61717224121094
-159.5800323486328
-223.01353454589844
-194.25482177734375
-285.7861633300781
-282.6488952636719
-189.4056854248047
-261.11273193359375
-357.80633544921875
-210.795654296875
-156.90545654296875
-246.61119079589844
-275.5898132324219
-235.1673126220703
-247.2650909423828
-46.04901885986328
-278.90234375
-274.77716064453125
-202.94790649414062
-122.85751342773438
-231.30149841308594
-265.3575439453125
-176.7075958251953
-215.8441162109375
-260.0973815917969
-217.45420837402344
-148.00331115722656
-261.9252624511719
成功生成 63 个有效分子，有效率 31.5%--enthalpy setting=-150.0


2025-04-28 16:33:40
-197.89071655273438
-234.68946838378906
-73.77153778076172
-208.67640686035156
-71.07998657226562
-172.9715118408203
-274.5609130859375
-159.31756591796875
-226.1614532470703
-120.2442855834961
-171.49192810058594
-145.0931854248047
-171.90126037597656
-135.93458557128906
-260.11322021484375
-267.380615234375
-207.77426147460938
-259.02874755859375
-292.4931945800781
-268.9523010253906
-220.98992919921875
-266.8056640625
-208.81976318359375
-265.15771484375
-107.38146209716797
-165.59327697753906
-163.73460388183594
-114.3093490600586
-139.6040802001953
-252.684814453125
-137.2059326171875
-204.58497619628906
-281.14556884765625
-46.331207275390625
-360.44561767578125
-69.25048828125
-203.47080993652344
-94.25269317626953
-148.0523681640625
-193.17555236816406
-219.64987182617188
-179.5195770263672
-279.15325927734375
-85.29906463623047
-220.33644104003906
-378.6014404296875
-42.932823181152344
-76.991943359375
-63.05268096923828
-90.50301361083984
-150.05421447753906
-313.9317626953125
成功生成 52 个有效分子，有效率 26.0%--enthalpy setting=-100.0


2025-04-28 16:33:51
-246.65501403808594
-279.97674560546875
-171.5214080810547
-11.37027359008789
-85.88890838623047
-137.53916931152344
-33.228111267089844
-186.62059020996094
-147.00404357910156
-72.38208770751953
-109.48624420166016
-151.11090087890625
-111.9067153930664
-245.18150329589844
-218.70272827148438
-103.17337036132812
-70.05623626708984
-243.13404846191406
-84.48836517333984
-174.73255920410156
-143.8637237548828
-55.789634704589844
-223.75901794433594
-142.9134979248047
-235.47653198242188
-200.94876098632812
-172.3417205810547
-194.14532470703125
-156.92054748535156
-172.79981994628906
-105.9909439086914
-129.1990203857422
-180.30311584472656
-126.67041015625
-170.2976531982422
-143.57667541503906
-80.27375030517578
-63.400516510009766
-71.45034790039062
-147.6013641357422
-195.7542266845703
-128.59014892578125
-197.30123901367188
10.116693496704102
-172.15098571777344
-133.23338317871094
-21.504051208496094
-108.27137756347656
-202.40570068359375
-184.2067108154297
-165.08956909179688
-74.58586883544922
-200.37094116210938
-43.11419677734375
-88.34343719482422
-168.23440551757812
-20.288259506225586
-78.32186126708984
-124.5945816040039
成功生成 59 个有效分子，有效率 29.5%--enthalpy setting=-50.0


2025-04-28 16:33:59
-108.07929229736328
-214.94264221191406
-125.68697357177734
50.8072624206543
-152.22279357910156
-76.97010040283203
-81.9449234008789
10.007518768310547
-70.61603546142578
-142.09164428710938
-163.72166442871094
-58.54278564453125
-208.12074279785156
-39.062461853027344
-183.48255920410156
-5.5214409828186035
-55.43086242675781
-182.22427368164062
-24.479860305786133
-131.03927612304688
-104.68327331542969
-97.5247573852539
-90.215576171875
-65.66212463378906
-214.33407592773438
-207.74534606933594
-45.40390396118164
-16.071950912475586
-12.907964706420898
-134.49952697753906
23.862701416015625
-78.3073959350586
-97.00201416015625
-72.73332214355469
-44.931034088134766
-218.7420654296875
-21.16060447692871
-115.71997833251953
-163.42453002929688
成功生成 39 个有效分子，有效率 19.5%--enthalpy setting=0.01


2025-04-28 16:34:07
-32.18275451660156
-36.45823287963867
-51.51030349731445
-145.2367706298828
-18.26178741455078
-14.408266067504883
35.29095458984375
-56.937950134277344
-1.383436679840088
-47.14966583251953
16.56159019470215
-163.92752075195312
-28.643482208251953
22.140003204345703
-42.145294189453125
-27.253795623779297
111.79064178466797
-26.666423797607422
-7.832147121429443
-119.89776611328125
-24.78371810913086
11.803779602050781
成功生成 22 个有效分子，有效率 11.0%--enthalpy setting=50.0


2025-04-28 16:34:15
4.071123123168945
-167.30661010742188
-107.81120300292969
-82.12642669677734
-39.909141540527344
9.673422813415527
-43.11419677734375
29.76961898803711
-31.518558502197266
-5.935726642608643
45.57466125488281
-49.08765411376953
-29.51148796081543
4.155738353729248
-115.2312240600586
0.9051366448402405
-13.440521240234375
-60.14311218261719
-110.96045684814453
25.966209411621094
-50.20724105834961
-70.59001159667969
成功生成 22 个有效分子，有效率 11.0%--enthalpy setting=100.0


2025-04-28 16:34:23
-1.3683853149414062
51.47189712524414
25.598445892333984
84.17937469482422
-93.89550018310547
55.529991149902344
-111.96131896972656
-32.04482650756836
-43.43743133544922
-41.68130111694336
26.103113174438477
-67.10880279541016
-17.985408782958984
30.368701934814453
-103.88021087646484
-3.7029948234558105
61.454349517822266
-17.641183853149414
-29.357532501220703
-22.933202743530273
-3.6463823318481445
18.9732608795166
成功生成 22 个有效分子，有效率 11.0%--enthalpy setting=150.0


2025-04-28 16:34:31
57.551368713378906
-36.4472770690918
-74.39570617675781
-1.704573154449463
34.11107635498047
68.3841781616211
58.00009536743164
-1.8987202644348145
-128.52557373046875
55.52573013305664
-1.9230036735534668
-8.580012321472168
-100.48783111572266
9.915283203125
21.245973587036133
27.715373992919922
-19.343326568603516
成功生成 17 个有效分子，有效率 8.5%--enthalpy setting=200.0


2025-04-28 16:34:38
-4.523019313812256
-20.25629234313965
48.15740966796875
4.124399185180664
-49.42554473876953
5.5711989402771
9.355302810668945
-45.88045883178711
18.803030014038086
30.619333267211914
78.5806655883789
35.20497131347656
37.40766906738281
51.01659393310547
32.81269836425781
-0.48474928736686707
-103.63223266601562
成功生成 17 个有效分子，有效率 8.5%--enthalpy setting=250.0


2025-04-28 16:34:48
40.06575393676758
30.780345916748047
-61.62384796142578
14.904348373413086
31.0384521484375
38.19928741455078
25.598445892333984
18.070289611816406
成功生成 8 个有效分子，有效率 4.0%--enthalpy setting=300.0


2025-04-28 16:34:56
34.11107635498047
15.477981567382812
55.52573013305664
39.809593200683594
27.29981231689453
23.09268569946289
26.238170623779297
成功生成 7 个有效分子，有效率 3.5%--enthalpy setting=350.0

